This line is a comment block. Write whatever you want here.
This line is a comment block. Write whatever you want here.
This line is a comment block. Write whatever you want here.
This line is a comment block. Write whatever you want here.
This line is a comment block. Write whatever you want here.
This line is a comment block. Write whatever you want here.
This line is a comment block. Write whatever you want here.
d621aa897e5b9cbe7555c6a2f3518da82b40f5a4fbb7565dbb3187a0a8a6ec51 127 0 0 0
c44a4c84a48a1e50a965e2d8eb8da45886eb94e093c9506f7b8570d9554f8e23 241 0 0 0
7a354d61b023fc0b4b752906a759aa5c5d2875ed1d714fa6887b16e84279a033 2 2 41500 4
16669c661ae293e377ebcdbd74b56d38b03454e9c62c458f854e83311477a747 274 0 0 0
9ecf6ca25020389d0e76464fc4c28ea9ae4f27757177292622638aab2a843597 12 12 1666 119
23eafe758cbf36ac309290e8e27f1f026b2991eaab337c6d7a6ceeb765125aa9 1241 1230 395822 1118103
4001d9115bbdbccc1f56681c0502f990524cada50b45b7de853adf8b8cc72a02 37 0 0 0
29fde5b59e75e68537d4ba19001c95045ff808d9395c31a040e0815accdd0e59 44 38 1256 135
894f899bc252cc2418a75023ff7a07c6253c1071e3d305f1eb7442e144a54fc0 36 0 0 0
ffbc2ba95316c008197c1c9cec130f8fbe50444f54e4bcd80dfc296917d96847 1615 11 93199 129756
81f9ef020ce63f192dd786de1abedf8ac13c83c823d96b37576a686bd871e2cd 163 163 3828 1949
6729b82db5c90c5393bab23236b5c49411eb33ade0cd45c70019ac31dd4ba4dc 8 3 30 19
16a68e53784928ffd333181568e70d78dc0066bcadc1b32a5c7a2fe3d81100e6 222 0 0 0
8a6d0e81e34c15c3ecd5f4e912654413d76d8a6bb8d00e555a8e7b796611c748 31 31 513 305
31ab9e5fa6611899de3dc96654c7687a45daa7413fde1bc3b05847546aff576a 46 46 2664 199
84f38739b905ac43e2eb9141ca3c502e51ca89ae39837c613602aa237328065a 5 2 3 1
a2388ce28b1563762c18aa3c5bb7952f88544aec0323f8f346eea8f40e3d7cf3 612 0 0 0
82f83a51ecdd889ad01a572cbb9d835a0513ebe7e2103ea6ee58ca3582fac515 559 0 0 0
b889d7c7f27d97ac9e522819806fedd214939c04320b1dd5f73902d240500232 471 0 0 0
a645e8a7a60856d41263a8845e96c57d12ee6ce4accdf7053664e449b91e5927 1 1 2591 0
2905c6f153fc54f7ea7d6cd6eb065b9d81a22925415e5d9f24f82625cffe8ce3 333 0 0 0
ff75b774ac6627f5f71196606919a197be0c830f01cd90614ae6b0661cc8aca8 163 0 0 0
9bedc440052c31f18022016065c4fa6675c772c1a9c7e420c00d1252edaa1898 184 0 0 0
85be65b0ef4ffe9db6c1767d9a9434ce0d646c5f49a6caff1793c794258b0b8c 163 0 0 0
d3a61f7eefcfa36190c2724525618f7f458a7e980f7e357bbf75ae02d96c332e 163 0 0 0
af596064e987b96356f057f653bfd97d82aaad0b2a23f2d0940a8c14dc3ee8a7 33 0 0 0
4933e76274632460758927dab5f472de2e0a41775d1ee65ff5fdb47cd00c05fd 239 0 0 0
ba920c7189d0c877e2f9e2c17c5552bfb5d1527ef3245c918c51b4f2a44c60eb 954 951 1111940 164282
d12d6273cf033191117096218aad75bac295e60a97165f1c5284a33588231013 177 0 0 0
ca9716b9a3d03e7b314b4a7b7675fbe09ebb064de021db32692dcd002de2cae5 177 0 0 0
1928c57697fa752c2175819794c6108c7c58ed0363e6d581f218bdc40c0b1dcb 179 0 0 0
7170292fd1aedf411e0ab0bca19a9be7d8d6729e396036ffe406c1bda2797f96 46 0 0 0
813ae70ea00ca85091662b48a4a401250d4eaaea0901dd5965f8fd99efc8297f 238 0 0 0
8290ffd240948d11a60d331fb908a7b5295c4ce3ddfc3d9b8dc4507ce26cac61 181 0 0 0
c4e336cae963529b2ddeb3b1bc63fe8989eb403796d0734d4de9efefabc33f16 181 0 0 0
71b88d1790bd356e93aecf50bd684f2a0ee189bb045f376f7cb6c4027802d409 181 0 0 0
e7230b60a05e73fca6ab7dba67164d77d86dff677667afa6f2460b12e92e14fe 239 0 0 0
82cb99f1e09f7cefd48d917e7bf8fc9086d2258a9cf969ffc13f257e746e794d 9 9 1177 52
b976c4a98b6af309eb4a6e7a8e928b1e5dbcc0e0a8d7277c57f136626d86727b 1 1 27586 0
67f7455ef9353f4f9f74b6cc0f4e82f2d1ebfe98e254abade984f97a0ddd0c02 183 0 0 0
f4cdd7cbf40065965621ce1056b01c5de11417804459942937842be45c45d160 183 0 0 0
1d36b16e966ea4b8524f0b284290388caef627aed4106ddec724d6b87640b8ea 183 0 0 0
526851251a78c33778d3181a045a4508addad2762789fce01df32e61d6b1d98f 39 0 0 0
39f3e5741ebc9e36ba9644903657927143a9b476fcdd97ec5160e65d5d5af4b0 183 0 0 0
7d5855a38cdad4dfffb1df0a4ea5832afbf290a5fe4520c1919bf9799243f57c 183 0 0 0
d1dafcfd1d2574a9fff45e4b79b6c7cdf8e48909556c06867925d8408b0aed9e 183 0 0 0
817e43bdbc84b4289727e3bba6a4f7673314ee0f814e5ef1f77f70f68f21323b 183 0 0 0
0a7b806eed70181246d2b2eddd9b1c3ffb41f8f030ee7e89369fed4407975daf 188 0 0 0
3172dbdbb5e9620a43d9e00dcab22d7ca5371e757c8705e8db49ad9241aa002d 188 0 0 0
519072b0bf9c9c3d22fc5fee2db690e5e544ef65b9c57409c7df37fe32f03617 188 0 0 0
72638419aa6d305f087561caa6525d719b8589d5a5a7e24e84ec1e32e8a122d8 188 0 0 0
215ca802306de2f2239d3d5da29f6ac61b7cbcd8997a15fc0af49db385d33102 0 0 0 0
d4a7a893eacc6af2f5fa742d663590bd5b41a396fba8cab179891d9b59b17b0e 188 0 0 0
4a490562831ce349d16bbea113698d39d884a7ce129e827b9311140a05b865f1 188 0 0 0
f7cf726a6fb55cecf8d64ba8ae5f8dd7ed0fc08ac48e2f8deed047674f03ff47 188 0 0 0
6d86e437b2ac7b168769febf98de13fc28d4bdd3c70a255acdb9d494323e8a42 11 0 0 0
bff0079833265eade9cdcad40c6efeddf156ce03e3e5b44a23e2a518345724d1 241 0 0 0
fbfe8b7add3a3ac74fe07a1f8803fb7a792476f48da50cdadc9aaf339d7761bb 205 0 0 0
9b328ce7700de8278443f84b876d8228a30cd90b27c7a97d12fdeaf2b40e4082 188 0 0 0
598ed71196640e485e849538a0661d551ef7865f6781c32397745ad4676d2de1 108 0 0 0
0e60dc9398236ee3a8edc7dbe7be19eab8ca50ab75ae530b457e99dc175b5180 188 0 0 0
7db8b08106f025326e5487b69b99e5a59a0c4394483e690ef1cb8986e53d1527 214 0 0 0
e1b5e344bed2b13c3e3bdc561ed75e516fd06b09c12c52f0a0cd771e55375235 188 0 0 0
94cb9a9b95166b437f43219d543992116df1909a7caf7978b10105ef22d29b60 242 0 0 0
061692df00cfa19dd926c4c082d1bf3d6081dbbfbc59af78d4afee2dd01b954f 238 0 0 0
dfd9e9604ee767178b46d072b1a5587614f55bbf1c13978048847828d563d89e 3 3 13935 226
3a621f5e97e191333f6dbd659f5937789e14dd53fcd59efc68e1462c0fb9d616 238 0 0 0
f58ec7a45600346b4ef85b93ffd6580135d4c3f4598eba7b8edf0d2dd762a521 241 0 0 0
f6cceb7ef55a2c6b207c6b72e358cbb96dfaad817b9ed8eac378e045f929e11a 2 2 26350 172
ea8e469c3d465a04aae2b56ac131665b53252e901810dfedcc5e9da40db49174 239 0 0 0
18863a5f3c6659a2c48603974f4073c8683fc51c29788af4a36bdb4c8d4368d5 241 0 0 0
1418f40c54c5c59f6f57850b5a84983e396d65ffefb531afe9beaa5be69fbf44 3 1 1516 0
df9bb40fdb26ccc2593f95a82d3dda3d73c6b0dee63b7ef3b2aa4c54c78157c1 10 7 27677 2192
a54f9d3e544a71c8479ccc2c75ff0716c785417ae737b0d8993b22ef2334691a 239 0 0 0
8b468ae6a9f3e21b4d7bc53ab50e0fd41b53a7bfa065e88c5efe30c835689220 0 0 0 0
83382a2b8943747d8c258cca79968bf59cdff557e27feb89092a0bed16bf0baf 53 0 0 0
49c102b653ad7b68d434e05d9e2c28cc80b60154cae40537724172a97db2113a 53 0 0 0
19c322b5680005cbc0d241bc6effd2ed5689d3c786b081f1e51f256d39ef3ec4 241 0 0 0
4bdf8b8aecebad0da0e53b0752ff338bb4ce05a0b20ff8d37fdd2844e127198f 241 0 0 0
6cb64d9596577eb85b1ea8220d234309f5236539e8298532b19ce40e44040b86 241 0 0 0
2bcd1e8e4a26da18fe64c21c9e4076a67c11997b8d47ec4d4c7ac7360f237d9c 2 2 10496 46
0783b8999bbfb6a777d81aadc126d83147c48990b3e94e4e179b167c99a1eed0 241 0 0 0
40300b0137759af9cf396d2c98b6da91203de3ebf8d1450f716b12f47eb0e1e6 241 0 0 0
e9ab69788fd339a1fcb4dc02285e9fb8632a42738989e41e8d71ef5e8dbf4bf6 241 0 0 0
634c833246d84300215dd02542859cf32e66bb78c5bce0f92868e0afffd98426 1 1 1 0
c4eb85c196b326ce2e65f111d8064a71edc47e17422f08f0cbce9ccd0a82f7f7 12 12 26590 14325
316d43298338737878d7314be2e59e36bb7e969b699e682d12590fe3af0f83e7 241 0 0 0
990987573eae2d872e368306bccbca81d98abe75fb9146f482e9cf5023ad7e74 241 0 0 0
2dd65b931ac7d1d40cb9de0381e34339b91e037dc29aabff94643b01e5d37a46 7 7 10266 8
19c8b12588b46329067d64bc5ea8298822b512d7edf28118defb00151557aa39 241 0 0 0
d917bd1cfedba91b398f9e0cf9910519e3a7038d1fad27adfbea784eb5112361 7 7 18879 1468
7f26a80205464a1cbf3a9e27117f6c36b8a1040f98ef8991429ed983bcdefee3 19 19 5113 733
270f80dff09185fc4f1f934521ac848eb81936114275952f648c46c904d690f2 71 71 60745 35791
f30bf1c88608b54fe0e7ec389fbc7d09757f2e637a10588b7d712335f4b950a4 1 1 35643 0
80a7e6599887ff5d3268153d349b0529f852af647492efaae415b59c047da9a9 5 5 6145 12
9c378fe4c0bdc8daf32a455a1120ddd860238db0430ad30ed5c15bc1696d819f 241 0 0 0
4ea0ab66ace009839ab1255889036e83ddd30153f101aba893875f55fb4df357 8 8 20393 730
95f2d8ef959167935612fe50ba8e2dd1a4cdb16211ebbb5f3dbed597a16bf317 9 9 7129 22
30642b35ac96b519ec4534afae91da933a4b10237018bc6a5b07d504f6405cb7 241 0 0 0
dad1bae2c72a7520c4e5843ead25d2f224e90575436ab8beeae8e3b85210a28a 241 0 0 0
94ea8930cb47ab9667c39f16774e97aebc936e24e0ccfe0ae76a3171a0712f06 62 0 0 0
c226c50841c72afba469f051cedff1c393d665651379e746ca9dae003d244b1e 1 1 1928 0
841a8b6771aff149ab766a36185c54f39df8a92772b9e5bc07f644ece08a9b58 6 0 0 0
2e3ac0d4551a8d6056f2d2762a27f706ac74a652d7a477e7e356940c257ad775 48 48 8409 2071
bdf7ce70a1dced5230515b8c22d50a95124d9b14495d4774d77a8a93fdd8f589 241 0 0 0
08f54535e9429ff58857f8eb95c0c180b20f92e381323178a5fa76b8f0954d99 25 25 31328 3315
31b3a82c7d653b264f65183c51e027847534b0ce7fc3bd16899c840faacd1975 8 8 9668 175
6fb2670cda6bfe5c101ac0743eeab3c6544620b85ed9f91c8e47f21c25e85fca 15 15 9510 435
678301fb92daf31fdd910fe7b8dff84acfb550c513a81fa8b13c015f30aeee92 287 112 18650 6204
0ea09304d874438269597c526749d563fc039443c03334cb4ece81c0780a2cc8 241 0 0 0
c730b379fae24482ea84c0628ad01b1ae341bfc31a25f7e5bbe85323917c61c1 10 10 2970 318
59599c6267ee2e499c440215dd7b4152379be1e99f1fd8d2dcaa80c92ef10418 19 3 43 42
18867352d3bdc173bb3ebc8ad39f7cb74ca32c0751f488a2bd10659a9f0263bf 241 0 0 0
da7536857ee5144798f0878bd99196ece11ffce901f261695b92b4f965d862c1 13 3 34 22
b505db43c99b7eca5e5821fd44ef63b5da7b75f7be027f4f59fc262863d483f3 24 6 2016 1430
57c008facd41f86d217d8d63e0f3e89c979c8c87ed9d07d3bfbb4a7dd9404894 241 0 0 0
44ad4d34ffcfa0f549b5b63a73b16deaadf62e6167cb3b26738d1b53ff803715 11 11 543 50
e538f6c354783417655a5d61a6a86d0b68fccee41e8c2d61c8f69223b4ade93b 241 0 0 0
0c79e666bec939d07e12f2752cb5e3808fbb9edaf686b7f557e62258d5e04493 241 0 0 0
be774d34d7030e5821af6cdb20afd2b436a6c94480d6d57af03cc14d5408d5d8 0 0 0 0
57593608761867905ca2a7ba25fef8cec10a5db287095a9314781c2ced1bcd1b 220 220 35450 4649
1bfb44a361f9457bb906b90df7c5cb93cf09a075562114b4170a00ceb2784bed 5 5 2746917 1819220
44c8535d9ce556f8bf894f0b1514b128f10e9bb4f00229e021f4ee0fb5f8326c 1 1 463 0
cdc8fdadc1f94101dc510b492dcfbbd45ae0769f19bac826fd2f5cbf2eb66040 241 0 0 0
b06205eca1d712fadd0116d4c9d685f131696d22be0cca840852cdbc3ab9a42a 18 0 0 0
f0ae20c78d477ff9a196940392c3b1f1cfb8c75275645d2846f947785daab390 4 4 42 0
a5467f5ebe1d359fb3826499fc35ca5cecd2913ff446399afe145097e6448f8b 170 4 52 14
bec29ebd62ea8797abd7561a30ebed3b672566d6456c3c4232530bee4cc4526a 241 0 0 0
5eda1ea2fc3ce879195ae7397430366ee4e70cfffdab539d41e8da4bc5c4254c 1 1 4763 0
84b928776933c8e827e5e41d47464bcb625650474ba36e354de7113d2301a586 2 2 1953 0
e6a4410d5f8def4ffc577be585e8c2276b6392d9ec8ad585985ccac3cc21c2d0 6 5 182 1
b9b171381725059f6fd10746c02a244657915282d3fc14ef03562e850977e403 23 0 0 0
9abdb66983b810a1f64cbdcfcedf212f3c2e4ee92d19dacff8b8c4b2422f43c0 1 1 8 0
af32481cd0b10f0cb697710b3fe12302c34591d0bd8a003374484e62fadb9b73 23 0 0 0
cf1128f11b2cc0e3b394f129803a114d7552785462e077534f58eab369bce5ad 4 0 0 0
